0,0,0,0,0,0,0,0,0,0,17,17,0,17,17,17,0,0,0,0,0,0,23,23,23,23,23,0,0,0,0,0,0,0,0,0,0,0,0,0,0,0,0,0,0,0,0
0,0,0,0,0,0,0,0,0,0,17,17,0,17,17,17,0,0,0,0,0,0,23,23,23,23,23,23,0,0,0,0,0,0,0,0,0,0,0,0,0,0,1,1,1,1,1
0,0,0,0,0,0,0,0,0,0,17,17,0,17,17,17,17,17,17,17,0,0,23,23,23,23,23,23,0,0,0,0,0,0,0,0,0,0,0,0,0,0,1,1,1,1,1
0,0,0,0,0,0,0,0,0,0,17,17,0,17,17,17,17,17,17,17,0,0,23,23,23,23,23,0,0,0,0,0,0,0,0,0,0,0,0,0,0,0,1,1,1,1,1
0,2,2,2,2,2,2,2,0,0,17,17,0,17,17,17,17,17,17,0,0,0,23,23,23,23,23,0,0,0,0,0,0,0,0,0,0,0,0,0,0,0,1,1,1,1,1
0,2,2,2,2,2,2,2,0,0,17,17,17,17,17,17,17,17,17,24,24,24,24,24,24,24,24,24,24,0,0,0,0,0,0,0,0,0,0,0,0,0,1,1,1,1,1
0,2,2,2,2,2,2,2,0,0,17,17,17,17,17,17,17,17,17,24,24,24,24,24,24,24,24,24,24,0,0,0,0,0,0,0,0,0,0,0,0,0,1,1,1,1,1
0,2,2,2,2,2,2,2,0,0,0,0,0,17,17,17,17,17,17,0,0,0,0,0,0,0,0,25,25,25,0,0,0,0,0,0,0,0,0,0,0,0,1,1,1,1,1
0,2,2,2,2,2,2,2,0,0,0,0,0,17,17,17,17,17,17,0,0,0,0,0,0,0,0,25,25,25,0,0,0,0,0,0,0,0,0,0,0,0,1,1,1,1,1
0,2,2,2,2,3,3,3,3,3,3,3,3,3,3,18,18,18,18,18,18,18,18,25,25,25,0,25,25,25,0,0,0,0,0,0,0,0,0,0,0,0,1,1,1,1,1
0,2,2,2,2,3,3,3,3,3,3,3,3,3,3,18,18,18,18,18,18,18,18,25,25,25,0,25,25,25,0,0,0,0,0,0,0,0,0,0,0,0,0,0,0,0,0
0,2,2,2,2,3,3,3,3,3,20,20,20,20,20,18,18,18,18,18,18,18,18,25,25,25,0,25,25,25,0,0,0,0,0,0,0,0,0,0,0,0,0,0,0,0,0
0,2,2,2,2,3,3,3,3,3,20,20,20,20,20,18,18,18,18,18,18,18,18,25,25,25,0,25,25,25,0,0,0,0,0,0,0,0,0,0,0,0,0,0,0,0,0
0,0,4,4,4,4,4,5,5,5,20,20,20,20,20,18,18,18,18,18,18,18,18,25,25,25,25,25,25,25,0,0,0,0,0,0,0,0,0,0,0,0,0,0,0,0,0
0,0,4,4,4,4,4,5,5,5,20,20,20,20,20,19,19,19,19,19,19,19,19,25,25,25,25,25,25,25,0,0,0,0,0,0,0,0,0,0,0,0,0,0,0,0,0
0,0,4,4,4,4,4,5,5,5,20,20,20,20,20,19,19,19,19,19,19,19,19,25,25,25,25,25,25,25,0,0,0,0,0,0,0,0,0,0,0,0,0,0,0,0,0
0,0,4,4,4,4,4,5,5,5,20,20,20,20,20,21,21,21,21,21,19,19,19,19,19,0,27,27,27,27,27,27,27,0,0,0,0,0,0,0,0,0,0,0,0,0,0
0,0,4,4,4,4,4,5,5,5,5,5,8,8,8,21,21,21,21,21,19,19,19,19,19,0,27,27,27,27,27,27,27,0,0,0,0,0,0,0,0,0,0,0,0,0,0
0,0,4,4,4,4,4,5,5,5,5,5,8,8,8,21,21,21,21,21,21,0,14,14,14,0,26,26,26,26,27,27,27,27,0,0,0,0,0,0,0,0,0,0,0,0,0
0,0,6,6,6,0,0,7,7,7,7,7,8,8,8,21,21,21,21,21,21,0,14,14,14,0,26,26,26,26,27,27,27,27,0,0,0,0,0,0,0,0,0,0,0,0,0
0,0,6,6,6,0,0,7,7,7,7,7,8,8,8,21,21,21,21,21,21,21,14,14,14,0,26,26,26,26,27,27,27,27,0,0,0,0,0,0,0,0,0,0,0,0,0
0,0,6,6,6,0,0,7,7,7,7,7,8,8,8,8,8,21,21,21,21,21,14,14,14,0,26,26,26,26,27,27,27,0,0,0,0,0,0,0,0,0,0,0,0,0,0
0,0,6,6,6,0,0,7,7,7,7,7,8,8,8,8,8,21,21,21,21,21,14,14,14,0,26,26,26,26,27,27,27,0,0,0,0,0,0,0,0,0,0,0,0,0,0
0,0,6,6,6,6,6,7,7,7,7,7,8,8,8,8,8,14,14,14,14,14,14,14,14,0,26,26,26,26,27,27,27,0,0,0,0,0,0,0,0,0,0,0,0,0,0
0,0,6,6,6,6,6,7,7,7,8,8,8,8,8,8,8,14,14,14,14,14,14,14,14,0,26,26,26,26,27,27,27,28,0,0,0,0,0,0,0,0,0,0,0,0,0
9,9,9,9,9,0,0,0,0,0,0,11,11,11,12,12,12,12,14,14,14,0,0,28,28,28,28,28,28,28,28,28,28,0,0,0,0,0,0,0,0,0,0,0,0,0,0
9,9,9,9,9,0,11,11,11,11,11,11,11,11,12,12,12,12,14,14,14,0,0,28,28,28,28,28,28,28,28,28,28,0,0,0,0,0,0,0,0,0,0,0,0,0,0
9,9,9,9,9,0,11,11,11,11,11,11,11,11,12,12,12,12,14,14,14,0,0,28,28,28,28,28,28,28,28,28,28,0,0,0,0,0,0,0,0,0,0,0,0,0,0
0,9,9,9,9,13,13,13,13,13,13,12,12,12,12,12,12,12,14,14,14,0,0,28,28,28,28,28,28,28,28,28,28,0,0,0,0,0,0,0,0,0,0,0,0,0,0
0,9,9,9,9,13,13,13,13,13,13,12,12,12,12,12,12,12,14,14,14,0,0,28,28,28,28,28,28,28,28,28,28,0,0,0,0,0,0,0,0,0,0,0,0,0,0
0,9,9,9,9,13,13,13,13,13,13,12,12,12,12,12,12,12,0,0,0,0,0,28,28,28,28,28,28,28,29,29,29,28,0,0,0,0,0,0,0,0,0,0,0,0,0
0,9,9,9,9,13,13,13,13,13,13,12,12,12,12,12,12,12,0,0,0,0,0,28,28,28,28,28,28,28,29,29,29,0,0,0,0,0,0,0,0,0,0,0,0,0,0
0,9,9,9,9,13,13,13,13,13,13,12,12,12,12,12,12,12,22,22,22,28,28,28,28,28,28,28,28,28,29,29,29,0,0,0,0,0,0,0,0,0,0,0,0,0,0
9,9,9,9,9,15,15,15,15,15,15,15,15,0,0,22,22,22,22,22,22,28,28,28,28,28,28,28,28,28,29,29,29,0,0,0,0,0,0,0,0,0,0,0,0,0,0
9,9,9,9,9,15,15,15,15,15,15,15,15,0,0,22,22,22,22,22,22,28,28,29,29,29,29,29,29,29,29,29,29,0,0,0,0,0,0,0,0,0,0,0,0,0,0
9,9,9,9,9,15,15,15,15,15,15,15,15,0,0,22,22,22,22,22,22,28,28,29,29,29,29,29,29,29,29,29,29,0,0,0,0,0,0,0,0,0,0,0,0,0,0
10,10,10,10,10,15,15,15,15,15,15,15,15,0,0,22,22,22,22,22,22,0,0,0,0,0,0,29,29,29,29,0,0,0,0,0,0,0,0,0,0,0,0,0,0,0,0
10,10,10,10,10,15,15,15,15,15,15,15,15,0,0,22,22,22,22,22,22,0,0,0,0,0,0,29,29,29,29,0,0,0,0,0,0,0,0,0,0,0,0,0,0,0,0
10,10,10,10,10,15,15,15,15,15,15,15,15,0,0,22,22,22,22,22,22,22,22,22,0,0,0,0,0,0,0,0,0,0,0,0,0,0,0,0,0,0,0,0,0,0,0
10,10,10,10,10,16,16,16,16,16,16,16,16,16,16,22,22,22,22,22,22,22,22,22,0,0,0,0,0,0,0,0,0,0,0,0,0,0,0,0,0,0,0,0,0,0,0
10,10,10,10,10,16,16,16,16,16,16,16,16,16,16,22,22,22,22,22,22,22,22,22,0,0,0,0,0,0,0,0,0,0,0,0,0,0,0,0,0,0,0,0,0,0,0
